r = 1, time = 0.00972839999999997
r = 2, time = 0.010258300000000053
r = 5, time = 0.018057199999999995
